% Exemple 3
%
% Max x1 + x2
% -2x1 + x2 <= 1
% x1 <= 2
% x1 et x2 >= 0
%
OPT = 1;
A = [-2 1 1 0;
     1 0 0 1];
b = [1;2];
c = [1;1;0;0];