% Exemple 4
%
% Max 10x1 + 11x2
% 10x1 + 12x2 <= 59
% x1 et x2 >= 0
%
OPT = 1;
A = [10 12 1];
b = 59;
c = [10;11;0];